FT	ID	AT	WT	ST
4	7	3	0	1
4	5	2	0	2
5	1	1	0	4
6	4	2	0	4
6	6	2	0	4
7	9	5	0	2
7	3	2	0	5
8	15	6	0	2
9	12	6	0	3
9	8	3	0	6
10	17	8	0	2
12	20	10	0	2
13	22	10	0	3
13	18	9	0	4
13	11	5	0	8
14	14	6	0	8
14	13	6	0	8
14	10	5	0	9
16	24	11	0	5
16	26	11	0	5
16	19	9	0	7
17	33	16	0	1
17	29	15	0	2
17	21	10	0	7
18	25	11	0	7
18	16	8	0	10
20	35	17	0	3
20	28	15	0	5
21	42	19	0	2
21	50	19	0	2
21	34	17	0	4
21	32	15	0	6
21	23	11	0	10
22	48	19	0	3
22	36	18	0	4
22	38	18	0	4
22	30	15	0	7
23	59	20	0	3
23	49	19	0	4
24	51	19	0	5
24	40	19	0	5
24	44	19	0	5
25	63	21	0	4
25	56	20	0	5
25	46	19	0	6
25	2	1	0	24
26	66	22	1	3
26	60	21	0	5
27	61	21	2	4
27	65	22	0	5
27	62	21	0	6
27	57	20	0	7
27	41	19	1	7
27	55	20	0	7
27	39	19	0	8
28	64	21	5	2
28	72	24	1	3
28	70	24	0	4
29	101	27	0	2
29	69	24	0	5
29	71	24	0	5
29	67	23	0	6
29	53	19	0	10
29	31	15	0	14
30	100	27	1	2
30	37	18	0	12
31	107	29	0	2
31	104	27	0	4
31	75	25	0	6
32	118	30	0	2
32	115	30	0	2
32	97	27	0	5
32	87	27	0	5
32	68	24	0	8
33	91	27	5	1
33	111	30	0	3
33	95	27	1	5
33	54	20	5	8
34	122	32	0	2
34	90	27	2	5
34	74	25	3	6
34	77	26	0	8
35	126	32	1	2
35	109	29	3	3
35	116	30	2	3
35	105	29	2	4
35	89	27	3	5
35	43	19	0	16
35	27	11	0	24
36	140	34	1	1
36	112	30	2	4
36	121	32	0	4
36	85	27	5	4
37	73	25	11	1
37	78	26	10	1
37	81	26	8	3
37	110	30	0	7
38	76	25	11	2
39	137	34	2	3
39	88	27	6	6
40	96	27	9	4
40	136	33	2	5
40	117	30	0	10
41	159	40	0	1
41	144	36	2	3
41	143	35	2	4
41	138	34	2	5
41	86	27	9	5
41	124	32	3	6
41	132	33	1	7
42	98	27	7	8
42	108	29	4	9
43	157	40	1	2
43	79	26	13	4
43	151	39	0	4
43	130	33	2	8
44	152	39	2	3
44	83	26	14	4
44	141	34	5	5
45	184	44	0	1
45	183	44	0	1
45	172	41	0	4
45	165	41	0	4
45	80	26	14	5
47	187	45	1	1
47	181	44	0	3
47	175	42	1	4
47	103	27	16	4
47	120	31	12	4
47	173	42	0	5
47	170	41	1	5
47	150	38	2	7
48	171	41	1	6
49	190	45	2	2
49	114	30	16	3
49	169	41	0	8
50	133	33	16	1
50	192	47	0	3
50	182	44	2	4
50	154	39	6	5
50	52	19	4	27
51	204	49	0	2
51	127	32	16	3
51	158	40	7	4
51	128	33	11	7
52	160	40	9	3
52	200	48	0	4
52	199	48	0	4
52	84	26	17	9
53	142	34	14	5
54	162	41	12	1
55	166	41	13	1
55	123	32	19	4
55	145	37	13	5
56	149	38	12	6
57	176	43	11	3
57	211	52	0	5
57	185	45	0	12
58	226	57	0	1
58	167	41	12	5
58	178	44	8	6
58	209	50	2	6
58	153	39	13	6
58	92	27	24	7
58	197	47	3	8
58	202	48	1	9
59	180	44	13	2
59	168	41	16	2
59	177	44	11	4
59	147	37	17	5
59	207	50	1	8
60	198	48	10	2
60	220	57	0	3
60	213	53	2	5
60	215	55	0	5
60	217	55	0	5
61	221	57	0	4
61	163	41	15	5
62	174	42	18	2
62	191	47	12	3
64	206	50	11	3
65	212	53	8	4
65	238	59	0	6
65	193	47	11	7
65	155	40	14	11
66	195	47	15	4
66	219	56	6	4
66	216	55	7	4
66	237	59	0	7
66	222	57	0	9
66	179	44	12	10
66	148	37	17	12
67	247	65	0	2
67	248	65	0	2
67	227	57	8	2
67	244	62	2	3
67	186	45	17	5
68	232	57	9	2
68	164	41	24	3
68	235	58	7	3
68	243	62	0	6
68	201	48	12	8
69	205	49	17	3
69	225	57	8	4
69	228	57	8	4
69	208	50	10	9
70	245	62	2	6
70	134	33	18	19
71	236	59	10	2
71	250	66	0	5
73	241	60	11	2
73	246	64	7	2
73	224	57	10	6
73	214	53	14	6
73	203	49	17	7
73	229	57	9	7
74	249	66	4	4
74	210	51	0	23
75	218	56	17	2
76	240	60	15	1
76	253	67	5	4
78	223	57	17	4
78	252	67	6	5
79	242	62	0	17
81	233	57	17	7
85	251	67	11	7



........................................................
........................................................
Region A:
	Orders: 53 [Norm: 15, Froz: 6, VIP: 32]
	MotorC: 11 [Norm: 3, Froz: 5, VIP: 3]
	Average Wait = 6.9434,	 Avg Serv = 6.28302

........................................................
........................................................
Region B:
	Orders: 57 [Norm: 24, Froz: 18, VIP: 15]
	MotorC: 12 [Norm: 5, Froz: 3, VIP: 4]
	Average Wait = 2.15789,	 Avg Serv = 5.07018

........................................................
........................................................
Region C:
	Orders: 53 [Norm: 29, Froz: 9, VIP: 15]
	MotorC: 10 [Norm: 3, Froz: 3, VIP: 4]
	Average Wait = 4.69811,	 Avg Serv = 4.45283

........................................................
........................................................
Region D:
	Orders: 63 [Norm: 28, Froz: 10, VIP: 25]
	MotorC: 12 [Norm: 3, Froz: 5, VIP: 4]
	Average Wait = 4.30159,	 Avg Serv = 4.98413

........................................................
........................................................
Whole Restaurant:
	Orders: 226 [Norm: 96, Froz: 43, VIP: 87]
	MotorC: 45 [Norm: 14, Froz: 16, VIP: 15]
	Average Wait = 4.47345,	 Avg Serv = 5.18584

