FT	ID	AT	WT	ST
4	7	3	0	1
4	5	2	0	2
8	19	7	0	1
8	20	7	0	1
8	10	5	0	3
9	12	7	0	2
10	39	9	0	1
10	34	8	0	2
10	35	8	0	2
10	14	7	0	3
10	13	7	0	3
10	2	1	0	9
11	18	7	0	4
12	30	8	0	4
12	23	8	0	4
12	17	7	0	5
12	9	5	0	7
12	1	1	0	11
13	21	7	0	6
13	6	3	0	10
13	3	2	0	11
14	29	8	0	6
14	22	8	0	6
15	31	8	5	2
15	36	8	1	6
15	38	8	0	7
15	25	8	0	7
16	42	13	0	3
16	26	8	0	8
17	40	11	4	2
17	37	8	6	3
17	11	5	0	12
17	4	2	0	15
18	16	7	10	1
18	28	8	0	10
19	43	13	4	2
21	15	7	0	14
25	44	13	3	9
30	24	8	3	19
30	8	5	0	25
38	33	8	0	30



........................................................
........................................................
Region A:
	Orders: 10 [Norm: 7, Froz: 2, VIP: 1]
	MotorC: 12 [Norm: 5, Froz: 4, VIP: 3]
	Average Wait = 0,	 Avg Serv = 7.6

........................................................
........................................................
Region B:
	Orders: 7 [Norm: 5, Froz: 1, VIP: 1]
	MotorC: 10 [Norm: 3, Froz: 5, VIP: 2]
	Average Wait = 0,	 Avg Serv = 6.28571

........................................................
........................................................
Region C:
	Orders: 11 [Norm: 7, Froz: 2, VIP: 2]
	MotorC: 10 [Norm: 3, Froz: 4, VIP: 3]
	Average Wait = 1.18182,	 Avg Serv = 6.63636

........................................................
........................................................
Region D:
	Orders: 13 [Norm: 5, Froz: 0, VIP: 8]
	MotorC: 8 [Norm: 3, Froz: 3, VIP: 2]
	Average Wait = 1.76923,	 Avg Serv = 6.61538

........................................................
........................................................
Whole Restaurant:
	Orders: 41 [Norm: 24, Froz: 5, VIP: 12]
	MotorC: 40 [Norm: 14, Froz: 16, VIP: 10]
	Average Wait = 0.878049,	 Avg Serv = 6.80488

