FT	ID	AT	WT	ST
4	6	2	0	2
4	2	1	0	3
4	3	1	0	3
5	7	2	0	3
6	1	1	0	5
8	16	7	0	1
8	14	7	0	1
8	9	4	0	4
8	5	1	0	7
9	13	7	0	2
9	8	2	0	7
10	24	8	0	2
10	20	7	0	3
10	11	6	0	4
11	25	9	0	2
11	22	8	0	3
11	18	7	0	4
12	30	10	0	2
12	17	7	0	5
13	28	10	0	3
13	27	10	0	3
13	23	8	0	5
13	12	7	0	6
13	19	7	0	6
13	10	5	0	8
13	4	1	0	12
14	33	12	0	2
14	29	10	0	4
15	21	7	0	8
15	15	7	0	8
16	39	13	0	3
16	26	9	0	7
17	57	15	0	2
17	43	14	0	3
17	31	10	0	7
18	42	13	0	5
19	44	14	1	4
19	36	13	0	6
19	34	13	0	6
19	40	13	0	6
19	35	13	0	6
20	65	16	0	4
20	50	14	1	5
20	51	14	1	5
20	37	13	0	7
21	52	14	2	5
21	38	13	0	8
22	47	14	0	8
23	55	14	0	9
24	62	16	1	7
24	45	14	3	7
24	54	14	2	8
24	58	15	0	9
25	61	16	4	5
25	46	14	5	6
25	59	16	0	9
26	60	16	7	3
26	56	15	7	4
29	63	16	8	5
29	32	10	0	19
31	48	14	0	17
33	41	13	0	20
45	53	14	0	31



........................................................
........................................................
Region A:
	Orders: 15 [Norm: 6, Froz: 4, VIP: 5]
	MotorC: 10 [Norm: 4, Froz: 4, VIP: 2]
	Average Wait = 0.6,	 Avg Serv = 6.06667

........................................................
........................................................
Region B:
	Orders: 18 [Norm: 13, Froz: 3, VIP: 2]
	MotorC: 12 [Norm: 4, Froz: 4, VIP: 4]
	Average Wait = 0.166667,	 Avg Serv = 4.44444

........................................................
........................................................
Region C:
	Orders: 12 [Norm: 6, Froz: 5, VIP: 1]
	MotorC: 14 [Norm: 5, Froz: 5, VIP: 4]
	Average Wait = 0,	 Avg Serv = 7.33333

........................................................
........................................................
Region D:
	Orders: 18 [Norm: 4, Froz: 4, VIP: 10]
	MotorC: 11 [Norm: 3, Froz: 5, VIP: 3]
	Average Wait = 1.66667,	 Avg Serv = 6.94444

........................................................
........................................................
Whole Restaurant:
	Orders: 63 [Norm: 29, Froz: 16, VIP: 18]
	MotorC: 47 [Norm: 16, Froz: 18, VIP: 13]
	Average Wait = 0.666667,	 Avg Serv = 6.09524

