FT	ID	AT	WT	ST
4	15	3	0	1
4	6	2	0	2
5	17	3	0	2
5	5	2	0	3
5	9	2	0	3
6	12	3	0	3
6	1	1	0	5
7	11	3	0	4
8	28	4	0	4
8	25	4	0	4
8	29	4	0	4
8	24	4	0	4
9	27	4	0	5
9	20	4	0	5
10	31	4	0	6
10	2	1	0	9
11	32	4	0	7
11	23	4	0	7
11	21	4	0	7
11	30	4	0	7
11	19	3	0	8
11	3	1	0	10
12	37	9	0	3
12	41	9	0	3
12	42	9	0	3
12	13	3	0	9
12	8	2	0	10
12	7	2	0	10
13	35	8	0	5
13	26	4	0	9
14	38	9	0	5
15	33	6	3	6
15	18	3	0	12
15	4	1	0	14
16	50	14	0	2
16	45	11	0	5
18	62	17	0	1
18	51	15	0	3
18	40	9	1	8
18	43	9	0	9
18	10	3	0	15
20	69	18	1	1
20	54	16	1	3
20	55	16	0	4
20	53	16	0	4
20	56	16	0	4
20	48	13	0	7
21	60	16	0	5
22	67	18	2	2
22	72	19	0	3
22	65	18	0	4
22	61	16	0	6
23	63	18	0	5
23	47	12	0	11
24	80	20	2	2
24	81	20	2	2
24	68	18	3	3
24	74	20	1	3
24	79	20	1	3
24	75	20	0	4
24	58	16	4	4
25	64	18	0	7
25	44	11	1	13
26	70	18	2	6
26	14	3	0	23
27	77	20	0	7
27	16	3	0	24
28	86	21	3	4
28	49	14	9	5
29	39	9	13	7
29	22	4	0	25
30	52	15	13	2
30	85	21	5	4
30	36	8	0	22
31	73	20	0	11
32	59	16	14	2
34	66	18	12	4
34	76	20	4	10
38	84	20	13	5
43	87	21	13	9
54	78	20	1	33



........................................................
........................................................
Region A:
	Orders: 19 [Norm: 11, Froz: 3, VIP: 5]
	MotorC: 12 [Norm: 4, Froz: 5, VIP: 3]
	Average Wait = 0.789474,	 Avg Serv = 9.78947

........................................................
........................................................
Region B:
	Orders: 19 [Norm: 10, Froz: 6, VIP: 3]
	MotorC: 11 [Norm: 5, Froz: 4, VIP: 2]
	Average Wait = 0.263158,	 Avg Serv = 5.36842

........................................................
........................................................
Region C:
	Orders: 21 [Norm: 12, Froz: 6, VIP: 3]
	MotorC: 12 [Norm: 5, Froz: 5, VIP: 2]
	Average Wait = 0.52381,	 Avg Serv = 5.28571

........................................................
........................................................
Region D:
	Orders: 22 [Norm: 6, Froz: 4, VIP: 12]
	MotorC: 9 [Norm: 4, Froz: 3, VIP: 2]
	Average Wait = 4.22727,	 Avg Serv = 6.63636

........................................................
........................................................
Whole Restaurant:
	Orders: 81 [Norm: 39, Froz: 19, VIP: 23]
	MotorC: 44 [Norm: 18, Froz: 17, VIP: 9]
	Average Wait = 1.53086,	 Avg Serv = 6.72839

