FT	ID	AT	WT	ST
39	83	21	8	10
37	77	21	8	8
32	69	21	6	5
31	59	20	1	10
31	84	21	8	2
27	66	21	3	3
27	72	21	1	5
23	48	18	0	5
23	52	20	0	3
23	44	18	0	5
22	34	14	0	8
21	46	18	0	3
20	28	11	0	9
18	19	8	0	10
17	32	13	0	4
14	29	11	0	3
12	25	9	0	3
12	15	7	0	5
12	24	9	0	3
10	5	3	0	7
7	12	5	0	2
6	8	3	0	3
........................................................
........................................................
 Region A:
Orders: 22 [Norm:10, Froz:10, VIP:2]
MotorC: 12 [Norm:4, Froz:4, VIP:4]
Average Wait = 1.59091,	 Avg Serv = 5.27273




FT	ID	AT	WT	ST
33	71	21	5	7
32	70	21	5	6
31	39	15	0	16
30	89	24	2	4
30	67	21	5	4
29	61	20	6	3
27	51	19	0	8
26	88	22	0	4
26	60	20	0	6
26	41	16	0	10
24	21	9	0	15
23	40	16	0	7
23	57	20	0	3
22	49	18	0	4
16	17	7	0	9
15	10	4	0	11
14	7	3	0	11
5	9	3	0	2
4	3	1	0	3
........................................................
........................................................
 Region B:
Orders: 19 [Norm:10, Froz:5, VIP:4]
MotorC: 13 [Norm:6, Froz:4, VIP:3]
Average Wait = 1.21053,	 Avg Serv = 7




FT	ID	AT	WT	ST
46	87	21	11	14
46	78	21	10	15
44	47	18	0	26
39	68	21	11	7
39	82	21	12	6
37	76	21	0	16
36	80	21	11	4
34	63	20	10	4
32	58	20	10	2
30	55	20	1	9
29	53	20	0	9
27	33	14	0	13
26	56	20	1	5
25	30	13	0	12
25	64	20	0	5
25	45	18	0	7
24	43	17	0	7
22	31	13	0	9
20	26	10	0	10
19	42	17	0	2
17	37	15	0	2
12	16	7	0	5
12	20	8	0	4
11	14	7	0	4
11	2	1	0	10
8	1	1	0	7
4	4	2	0	2
........................................................
........................................................
 Region C:
Orders: 27 [Norm:17, Froz:6, VIP:4]
MotorC: 13 [Norm:7, Froz:4, VIP:2]
Average Wait = 2.85185,	 Avg Serv = 8




FT	ID	AT	WT	ST
33	38	15	0	18
32	86	21	4	7
30	75	21	3	6
25	81	21	0	4
25	74	21	0	4
25	85	21	0	4
24	54	20	0	4
24	73	21	0	3
23	50	19	0	4
19	35	14	0	5
17	23	9	0	8
17	36	15	0	2
15	18	7	0	8
14	27	10	0	4
11	22	9	0	2
11	13	6	0	5
10	6	3	0	7
9	11	5	0	4
........................................................
........................................................
 Region D:
Orders: 18 [Norm:11, Froz:3, VIP:4]
MotorC: 12 [Norm:6, Froz:4, VIP:2]
Average Wait = 0.388889,	 Avg Serv = 5.5




