FT	ID	AT	WT	ST
3	1	1	0	2
6	5	3	0	3
7	4	2	0	5
8	8	5	0	3
10	7	5	0	5
11	14	7	0	4
11	2	2	0	9
12	29	11	0	1
12	21	10	0	2
12	11	7	0	5
12	3	2	0	10
13	26	10	0	3
13	24	10	0	3
13	16	8	0	5
14	28	10	0	4
14	19	10	0	4
14	25	10	0	4
14	9	5	0	9
14	6	5	0	9
15	32	13	0	2
15	30	11	0	4
15	27	10	0	5
16	23	10	0	6
16	22	10	0	6
16	12	7	0	9
17	40	15	0	2
17	31	11	2	4
18	41	16	0	2
19	35	15	2	2
19	20	10	0	9
19	10	6	0	13
20	39	15	1	4
20	13	7	0	13
21	42	17	0	4
21	15	8	0	13
22	52	19	1	2
22	36	15	5	2
22	51	19	0	3
22	45	17	0	5
22	33	14	1	7
23	50	19	2	2
23	57	20	0	3
24	58	20	1	3
24	54	20	0	4
24	47	18	0	6
25	56	20	0	5
26	49	18	5	3
26	48	18	4	4
27	68	21	1	5
27	44	17	0	10
28	53	20	4	4
28	62	21	2	5
28	71	21	1	6
29	18	10	0	19
30	61	21	7	2
30	67	21	6	3
30	43	17	4	9
31	80	23	6	2
31	86	25	2	4
31	79	23	1	7
31	69	21	1	9
31	46	17	1	13
32	65	21	8	3
32	55	20	0	12
32	17	9	0	23
33	88	26	5	2
33	84	25	4	4
33	66	21	4	8
34	63	21	8	5
34	81	24	3	7
34	59	21	4	9
34	34	15	0	19
35	74	22	11	2
37	75	22	1	14
38	38	15	0	23
39	83	24	11	4
39	72	22	9	8
40	76	23	11	6
40	78	23	11	6
41	82	24	11	6
42	60	21	5	16
44	77	23	11	10
45	85	25	11	9
45	73	22	11	12
50	87	26	9	15



........................................................
........................................................
Region A:
	Orders: 20 [Norm: 13, Froz: 0, VIP: 7]
	MotorC: 10 [Norm: 4, Froz: 3, VIP: 3]
	Average Wait = 3.35,	 Avg Serv = 6.45

........................................................
........................................................
Region B:
	Orders: 24 [Norm: 18, Froz: 0, VIP: 6]
	MotorC: 11 [Norm: 4, Froz: 4, VIP: 3]
	Average Wait = 3.33333,	 Avg Serv = 6.20833

........................................................
........................................................
Region C:
	Orders: 15 [Norm: 13, Froz: 0, VIP: 2]
	MotorC: 12 [Norm: 6, Froz: 4, VIP: 2]
	Average Wait = 0.666667,	 Avg Serv = 8.13333

........................................................
........................................................
Region D:
	Orders: 26 [Norm: 24, Froz: 0, VIP: 2]
	MotorC: 15 [Norm: 7, Froz: 4, VIP: 4]
	Average Wait = 1.96154,	 Avg Serv = 6.07692

........................................................
........................................................
Whole Restaurant:
	Orders: 80 [Norm: 68, Froz: 0, VIP: 17]
	MotorC: 48 [Norm: 21, Froz: 15, VIP: 12]
	Average Wait = 2.6,	 Avg Serv = 6.975

