FT	ID	AT	WT	ST
4	4	2	0	2
6	2	1	0	5
7	8	4	0	3
7	1	1	0	6
8	14	6	0	2
8	15	6	0	2
8	10	5	0	3
8	5	2	0	6
10	9	5	0	5
10	3	1	0	9
11	16	7	0	4
11	11	5	0	6
12	13	6	0	6
14	21	10	0	4
15	27	13	0	2
15	24	12	0	3
16	17	8	0	8
16	12	5	0	11
17	26	13	0	4
17	7	3	0	14
18	25	12	0	6
18	22	10	0	8
19	6	2	0	17
20	20	10	0	10
21	37	20	0	1
21	41	20	0	1
21	23	12	0	9
21	19	10	0	11
22	50	21	0	1
22	42	20	0	2
22	38	20	0	2
22	34	20	0	2
22	45	20	0	2
22	31	17	0	5
22	18	10	0	12
23	44	20	0	3
24	40	20	0	4
24	39	20	0	4
24	29	16	0	8
25	46	20	0	5
25	36	20	0	5
25	43	20	0	5
25	28	16	0	9
26	61	25	0	1
26	64	25	0	1
26	58	25	0	1
26	57	24	0	2
26	51	23	0	3
28	70	25	1	2
28	60	25	0	3
28	53	24	0	4
28	48	21	1	6
28	32	20	0	8
29	83	28	0	1
29	78	27	0	2
29	80	27	0	2
29	35	20	0	9
29	30	16	0	13
30	67	25	2	3
30	56	24	1	5
31	62	25	5	1
31	74	26	1	4
31	54	24	2	5
32	75	27	2	3
32	65	25	3	4
33	49	21	0	12
34	59	25	5	4
35	55	24	6	5
35	77	27	2	6
35	72	26	1	8
36	84	28	3	5
36	86	28	3	5
38	79	27	0	11
39	68	25	11	3
39	69	25	10	4
41	76	27	11	3
41	82	27	11	3
41	87	28	4	9
42	63	25	10	7
46	81	27	10	9
47	88	29	11	7
49	66	25	7	17
49	33	20	0	29
51	52	23	6	22
53	85	28	11	14
55	73	26	11	18



........................................................
........................................................
Region A:
	Orders: 26 [Norm: 18, Froz: 0, VIP: 8]
	MotorC: 11 [Norm: 5, Froz: 3, VIP: 3]
	Average Wait = 3.03846,	 Avg Serv = 6.46154

........................................................
........................................................
Region B:
	Orders: 22 [Norm: 22, Froz: 0, VIP: 0]
	MotorC: 14 [Norm: 7, Froz: 3, VIP: 4]
	Average Wait = 0.454545,	 Avg Serv = 5

........................................................
........................................................
Region C:
	Orders: 18 [Norm: 14, Froz: 0, VIP: 4]
	MotorC: 11 [Norm: 5, Froz: 4, VIP: 2]
	Average Wait = 3.05556,	 Avg Serv = 8.38889

........................................................
........................................................
Region D:
	Orders: 20 [Norm: 19, Froz: 0, VIP: 1]
	MotorC: 14 [Norm: 6, Froz: 4, VIP: 4]
	Average Wait = 0.35,	 Avg Serv = 4.6

........................................................
........................................................
Whole Restaurant:
	Orders: 86 [Norm: 73, Froz: 0, VIP: 13]
	MotorC: 50 [Norm: 23, Froz: 14, VIP: 13]
	Average Wait = 1.75581,	 Avg Serv = 6.05814

