FT	ID	AT	WT	ST
25	49	10	10	5
23	40	9	10	4
22	41	9	10	3
21	35	8	10	3
16	25	7	7	2
15	48	10	0	5
14	3	2	0	12
14	22	7	1	6
14	5	2	0	12
12	1	1	0	11
10	31	7	0	3
5	9	3	0	2
........................................................
........................................................
 Region A:
Orders: 12 [Norm:3, Froz:6, VIP:3]
MotorC: 8 [Norm:3, Froz:3, VIP:2]
Average Wait = 4,	 Avg Serv = 5.66667




FT	ID	AT	WT	ST
26	46	10	5	11
25	29	7	9	9
25	47	10	5	10
16	30	7	0	9
15	20	6	0	9
13	36	8	0	5
12	10	3	0	9
12	43	10	0	2
12	15	5	0	7
12	42	10	0	2
11	26	7	0	4
11	23	7	0	4
11	38	8	0	3
6	13	5	0	1
6	7	3	0	3
........................................................
........................................................
 Region B:
Orders: 15 [Norm:6, Froz:4, VIP:5]
MotorC: 10 [Norm:4, Froz:4, VIP:2]
Average Wait = 1.26667,	 Avg Serv = 5.86667




FT	ID	AT	WT	ST
22	27	7	0	15
18	12	5	0	13
18	14	5	0	13
16	44	10	3	3
15	18	6	0	9
15	45	10	0	5
12	34	7	0	5
10	6	3	0	7
10	33	7	0	3
9	8	3	0	6
4	2	1	0	3
........................................................
........................................................
 Region C:
Orders: 11 [Norm:7, Froz:3, VIP:1]
MotorC: 10 [Norm:6, Froz:2, VIP:2]
Average Wait = 0.272727,	 Avg Serv = 7.45455




FT	ID	AT	WT	ST
25	50	10	0	15
17	32	7	0	10
17	37	8	0	9
15	28	7	0	8
15	21	6	0	9
14	24	7	0	7
13	4	2	0	11
13	17	5	0	8
13	39	8	0	5
10	16	5	0	5
10	19	6	0	4
6	11	3	0	3
........................................................
........................................................
 Region D:
Orders: 12 [Norm:7, Froz:1, VIP:4]
MotorC: 11 [Norm:6, Froz:4, VIP:1]
Average Wait = 0,	 Avg Serv = 7.83333




