FT	ID	AT	WT	ST
202	468	100	93	9
201	442	93	94	14
186	437	93	87	6
181	435	93	84	4
180	416	87	79	14
169	413	86	76	7
165	396	82	70	13
156	232	54	94	8
155	359	78	72	5
145	143	38	104	3
141	345	76	56	9
139	434	92	41	6
138	268	64	68	6
137	391	82	45	10
136	443	93	41	2
136	472	100	31	5
135	250	58	72	5
135	208	50	74	11
134	456	98	34	2
133	285	65	59	9
132	177	43	84	5
130	439	93	34	3
127	358	78	46	3
126	409	86	34	6
125	379	79	41	5
123	450	97	14	12
121	490	105	11	5
121	459	100	12	9
121	464	100	11	10
120	457	99	15	6
120	387	82	32	6
119	489	104	11	4
115	433	91	11	13
114	451	97	12	5
113	430	90	14	9
112	445	94	11	7
110	253	59	38	13
109	425	88	15	6
106	455	98	1	7
105	386	82	15	8
105	344	76	21	8
105	473	100	0	5
104	342	76	21	7
100	421	88	4	8
98	374	78	14	6
97	316	72	12	13
95	403	84	5	6
93	338	76	12	5
91	279	64	15	12
90	325	74	11	5
89	301	69	13	7
88	307	69	12	7
87	343	76	2	9
87	266	63	11	13
87	319	73	2	12
84	288	66	11	7
83	269	64	11	8
82	291	66	11	5
76	195	47	24	5
76	236	54	11	11
74	197	48	16	10
73	246	57	12	4
72	228	54	17	1
71	224	53	11	7
71	242	55	12	4
69	215	52	12	5
69	191	46	12	11
69	159	41	15	13
68	192	47	13	8
64	207	49	12	3
63	176	43	13	7
62	169	42	12	8
60	160	42	12	6
59	237	55	0	4
59	187	46	0	13
57	151	40	12	5
55	198	48	4	3
55	189	46	1	8
53	186	46	0	7
52	133	36	5	11
51	206	49	1	1
49	170	43	1	5
49	144	39	5	5
48	130	36	9	3
48	164	42	1	5
48	131	36	5	7
46	111	25	11	10
45	120	30	10	5
45	134	36	5	4
41	106	24	14	3
40	105	24	11	5
40	115	27	11	2
39	107	24	11	4
37	78	19	11	7
35	86	20	9	6
35	102	23	8	4
32	83	20	5	7
32	80	19	6	7
30	101	23	1	6
30	99	20	1	9
29	67	16	0	13
28	69	17	2	9
25	87	20	1	4
25	91	20	2	3
23	54	13	0	10
22	32	9	0	13
22	62	14	1	7
21	31	8	0	13
21	74	19	0	2
18	34	12	0	6
18	42	12	0	6
17	57	13	0	4
15	46	13	0	2
12	14	5	0	7
11	6	2	0	9
10	10	3	0	7
10	17	6	0	4
9	24	7	0	2
9	23	7	0	2
8	3	2	0	6
5	1	2	0	3
........................................................
........................................................
 Region A:
Orders: 0 [Norm:0, Froz:0, VIP:0]
MotorC: 12 [Norm:5, Froz:3, VIP:4]
Average Wait = 19.7686,	 Avg Serv = 6.80992




FT	ID	AT	WT	ST
152	367	78	60	14
141	444	94	35	12
134	431	90	41	3
133	460	100	31	2
132	394	82	38	12
131	401	84	43	4
131	448	94	32	5
130	474	101	17	12
129	398	83	43	3
129	365	78	47	4
129	426	88	38	3
128	290	66	49	13
125	332	76	44	5
124	323	74	44	6
124	463	100	11	13
123	286	66	56	1
123	334	76	46	1
119	393	82	36	1
119	484	103	15	1
119	461	100	12	7
116	380	79	26	11
116	441	93	15	8
115	483	103	11	1
114	458	100	11	3
112	466	100	1	11
111	405	84	22	5
109	476	101	4	4
107	481	103	0	4
107	408	86	10	11
107	395	82	13	12
106	447	94	2	10
105	429	89	11	5
101	410	86	12	3
101	385	81	7	13
100	399	83	13	4
99	392	82	15	2
99	363	78	15	6
99	369	78	11	10
95	289	66	17	12
93	424	88	0	5
92	321	74	13	5
91	305	69	13	9
91	329	75	12	4
90	324	74	13	3
89	368	78	4	7
89	339	76	8	5
87	304	69	13	5
84	299	68	13	3
82	263	63	6	13
82	287	66	11	5
81	346	76	0	5
80	317	73	0	7
78	336	76	0	2
78	274	64	9	5
78	271	64	7	7
75	262	62	6	7
75	265	63	7	5
73	270	64	1	8
72	258	59	0	13
71	261	61	6	4
71	252	59	3	9
69	255	59	7	3
67	260	60	3	4
66	248	57	3	6
64	241	55	5	4
64	230	54	6	4
63	226	54	6	3
62	225	54	4	4
62	233	54	1	7
60	227	54	0	6
59	231	54	0	5
58	213	51	5	2
57	209	51	1	5
56	221	53	0	3
55	202	48	4	3
53	196	47	0	6
51	193	47	0	4
51	132	36	2	13
50	165	42	2	6
49	162	42	2	5
49	136	36	3	10
48	178	43	3	2
47	171	43	0	4
47	149	39	3	5
42	127	35	3	4
41	138	36	4	1
39	112	25	8	6
39	76	19	8	12
39	126	33	3	3
38	119	30	3	5
37	124	33	2	2
37	121	30	4	3
35	90	20	12	3
35	72	18	7	10
34	122	31	0	3
33	79	19	1	13
32	75	19	8	5
30	88	20	9	1
28	73	19	0	9
28	71	18	5	5
27	77	19	1	7
27	97	20	2	5
26	81	19	0	7
25	65	14	9	2
24	84	20	0	4
18	13	5	0	13
18	63	14	0	4
17	53	13	0	4
17	33	11	0	6
16	39	12	0	4
16	19	6	0	10
16	26	7	0	9
15	49	13	0	2
11	12	5	0	6
........................................................
........................................................
 Region B:
Orders: 0 [Norm:0, Froz:0, VIP:0]
MotorC: 12 [Norm:5, Froz:3, VIP:4]
Average Wait = 10.9474,	 Avg Serv = 5.92105




FT	ID	AT	WT	ST
238	475	101	123	14
224	446	94	125	5
215	438	93	114	8
215	417	87	116	12
206	341	76	118	12
194	326	74	108	12
188	297	68	106	14
180	293	66	102	12
171	222	53	109	9
160	200	48	99	13
155	183	46	98	11
151	173	43	98	10
142	154	41	97	4
138	453	98	36	4
137	337	76	52	9
135	412	86	44	5
135	454	98	30	7
134	482	103	24	7
133	310	69	52	12
132	467	100	25	7
131	452	97	22	12
130	275	64	61	5
129	333	76	41	12
128	371	78	42	8
126	384	81	39	6
124	411	86	36	2
123	432	91	26	6
120	440	93	14	13
119	280	64	47	8
119	216	53	58	8
119	480	103	11	5
119	309	69	46	4
117	486	103	11	3
115	283	65	45	5
113	449	96	11	6
113	312	71	37	5
111	140	36	67	8
107	428	89	12	6
106	211	51	52	3
105	219	53	41	11
104	389	82	13	9
102	419	87	1	14
102	415	86	12	4
101	125	33	60	8
101	370	78	11	12
99	281	64	28	7
99	300	68	28	3
99	427	89	0	10
98	318	73	17	8
95	357	78	11	6
93	353	76	11	6
89	322	74	11	4
87	292	66	11	10
87	296	68	14	5
84	373	78	3	3
84	347	76	4	4
84	217	53	21	10
82	276	64	12	6
81	155	41	27	13
80	273	64	11	5
79	249	58	13	8
78	235	54	11	13
76	277	64	0	12
75	256	59	11	5
74	142	38	30	6
73	145	39	28	6
72	167	42	19	11
70	180	46	20	4
67	234	54	11	2
67	194	47	12	8
65	210	51	12	2
64	158	41	11	12
63	172	43	13	7
61	137	36	13	12
60	163	42	12	6
60	179	45	12	3
58	184	46	3	9
58	214	51	1	6
56	147	39	12	5
55	135	36	12	7
55	181	46	1	8
51	116	27	17	7
49	117	27	11	11
49	141	38	4	7
48	174	43	3	2
46	150	39	2	5
44	109	25	13	6
43	98	20	11	12
41	110	25	10	6
40	100	23	10	7
40	104	23	9	8
39	52	13	12	14
38	95	20	11	7
38	108	24	10	4
37	94	20	10	7
33	61	14	12	7
33	85	20	9	4
33	55	13	13	7
31	50	13	12	6
25	40	12	9	4
25	96	20	0	5
24	48	13	2	9
24	70	18	1	5
22	36	12	0	10
21	68	17	0	4
20	22	7	0	13
20	38	12	5	3
18	43	12	0	6
16	35	12	0	4
16	28	8	0	8
16	45	13	0	3
16	4	2	0	14
16	15	5	0	11
15	37	12	0	3
14	44	12	0	2
........................................................
........................................................
 Region C:
Orders: 0 [Norm:0, Froz:0, VIP:0]
MotorC: 12 [Norm:6, Froz:3, VIP:3]
Average Wait = 27.4261,	 Avg Serv = 7.41739




FT	ID	AT	WT	ST
176	479	102	69	5
173	418	87	79	7
160	406	84	65	11
156	383	81	62	13
154	388	82	62	10
139	376	79	57	3
137	308	69	58	10
135	375	79	48	8
131	478	102	15	14
127	491	105	12	10
121	488	103	12	6
121	245	56	51	14
118	470	100	15	3
118	465	100	8	10
117	469	100	9	8
116	485	103	11	2
113	423	88	12	13
112	306	69	38	5
112	381	79	22	11
112	420	87	12	13
112	462	100	8	4
111	295	68	38	5
110	390	82	25	3
109	400	84	21	4
109	477	101	3	5
108	356	78	18	12
108	414	86	11	11
106	436	93	12	1
104	330	76	25	3
101	364	78	18	5
100	354	76	18	6
100	402	84	11	5
98	340	76	13	9
97	335	76	14	7
97	397	83	8	6
97	382	79	12	6
91	331	76	12	3
91	327	74	12	5
90	315	71	11	8
90	355	77	1	12
89	298	68	11	10
88	349	76	0	12
88	272	64	12	12
87	320	74	11	2
87	264	63	17	7
84	362	78	0	6
82	314	71	0	11
81	267	63	11	7
81	251	59	9	13
80	328	74	0	6
79	278	64	11	4
77	254	59	10	8
75	244	56	13	6
75	229	54	8	13
73	302	69	0	4
73	259	59	11	3
72	247	57	9	6
71	257	59	10	2
69	284	65	0	4
69	240	55	9	5
67	212	51	8	8
66	243	55	0	11
66	218	53	6	7
64	220	53	7	4
63	205	49	8	6
62	204	49	8	5
62	201	48	8	6
62	238	55	0	7
61	239	55	0	6
59	199	48	6	5
57	190	46	5	6
55	166	42	1	12
52	185	46	1	5
51	203	49	0	2
51	182	46	0	5
51	161	42	2	7
51	157	41	3	7
51	148	39	0	12
50	146	39	0	11
48	188	46	0	2
47	152	40	0	7
46	175	43	0	3
46	156	41	0	5
43	153	41	1	1
43	114	26	5	12
42	129	36	0	6
40	64	14	15	11
39	139	36	0	3
38	128	36	0	2
38	123	33	0	5
37	113	26	3	8
37	118	29	2	6
32	89	20	8	4
32	58	13	10	9
32	93	20	8	4
31	82	20	7	4
29	59	13	11	5
29	66	16	11	2
27	92	20	3	4
26	60	13	11	2
24	103	23	0	1
24	51	13	3	8
22	41	12	0	10
20	56	13	5	2
19	30	8	7	4
19	29	8	4	7
18	47	13	0	5
17	16	5	0	12
17	21	7	0	10
16	11	4	0	12
16	7	2	0	14
14	9	3	0	11
14	27	7	0	7
14	5	2	0	12
12	2	2	0	10
11	18	6	0	5
10	20	6	0	4
9	25	7	0	2
8	8	2	0	6
........................................................
........................................................
 Region D:
Orders: 0 [Norm:0, Froz:0, VIP:0]
MotorC: 14 [Norm:7, Froz:3, VIP:4]
Average Wait = 11.2353,	 Avg Serv = 6.85714




